100 4238
61 71 346
25 71 688
57 71 834
97 71 388
62 71 827
90 71 406
8 71 648
52 71 289
67 71 636
80 71 860
50 71 600
24 71 862
53 71 645
96 71 940
77 71 378
26 71 322
41 71 782
88 71 634
44 71 672
82 71 792
84 71 72
5 71 131
45 71 259
40 71 595
18 71 711
99 71 957
16 71 994
39 71 404
49 71 943
6 71 450
4 71 124
54 71 581
38 71 599
30 71 359
31 71 306
9 71 521
60 71 145
34 71 84
100 71 627
13 71 720
12 71 201
48 71 820
91 71 986
63 71 370
76 71 175
33 71 964
10 71 151
55 71 440
75 71 57
87 71 116
92 71 57
22 71 816
15 71 500
28 71 851
58 71 236
70 71 226
29 71 710
73 71 971
89 71 169
83 71 629
7 71 184
43 71 876
42 71 973
66 71 489
14 71 198
81 71 640
56 71 306
95 71 710
21 71 311
94 71 718
37 71 269
85 71 619
27 61 940
23 61 695
98 61 10
65 61 180
86 61 675
79 61 914
20 61 111
32 61 929
68 61 43
78 61 317
93 61 36
59 61 364
72 61 925
46 61 117
17 61 563
2 61 159
69 61 560
1 61 189
47 61 546
19 25 252
3 25 811
64 25 21
74 25 839
11 57 652
51 57 588
36 57 270
35 57 230
58 88 490
46 24 855
35 34 948
72 24 414
81 46 35
10 52 354
6 16 347
82 19 68
46 60 692
36 13 699
10 26 466
97 75 863
69 46 700
45 61 970
92 65 242
21 13 342
14 72 890
49 78 414
32 90 328
94 50 807
2 33 385
9 89 543
92 53 15
80 22 78
64 32 521
15 35 846
66 56 619
49 95 129
60 21 151
1 34 166
33 15 30
12 45 979
31 88 381
16 21 766
77 97 293
20 21 536
79 94 555
91 89 788
11 90 877
52 82 674
23 50 677
90 83 424
99 28 535
64 83 537
26 54 899
17 48 550
4 100 555
30 94 543
17 55 702
83 12 944
47 66 815
42 50 778
17 26 34
24 54 530
17 16 858
85 65 346
8 57 155
34 97 525
86 83 653
21 40 296
12 68 351
90 47 403
10 38 583
94 53 992
86 72 950
80 11 236
48 64 622
46 36 60
17 38 678
46 83 563
94 44 542
89 42 976
96 48 323
34 13 975
36 51 923
31 30 485
20 65 618
47 68 273
15 99 74
73 46 189
35 77 268
30 65 293
4 82 295
84 65 161
29 98 984
93 20 478
32 31 669
3 65 931
74 61 314
84 61 183
19 63 365
1 20 629
20 18 456
50 97 669
15 45 578
48 62 117
12 69 461
1 38 231
56 52 82
30 24 675
63 62 222
39 52 403
97 44 968
68 41 221
17 6 176
82 32 943
47 39 972
35 45 204
59 36 103
24 73 776
52 29 494
99 89 914
63 51 535
66 24 927
87 40 684
69 92 730
28 59 217
42 37 497
73 1 154
65 66 510
41 42 664
85 63 149
32 72 992
15 48 517
56 88 718
50 30 784
39 43 335
9 8 787
72 43 382
65 52 604
56 47 780
56 87 84
54 42 455
61 15 139
55 49 338
84 53 165
26 32 385
82 89 128
48 51 567
79 93 20
72 53 711
16 18 399
84 20 673
58 59 992
86 57 248
40 76 270
2 25 845
75 7 613
83 36 246
32 68 432
83 80 764
94 92 615
62 31 942
92 11 743
42 31 337
55 31 87
2 31 729
96 55 297
57 54 74
77 86 276
8 63 240
26 40 621
24 55 639
27 89 186
54 56 695
12 25 257
30 76 450
39 48 557
86 29 756
31 89 61
78 73 242
36 75 50
46 89 130
37 54 199
71 78 474
94 85 452
24 34 274
29 63 365
3 58 988
16 94 426
57 44 442
84 63 847
43 27 557
61 99 100
7 87 212
53 50 839
39 17 446
6 81 469
96 82 870
25 52 833
67 87 720
54 47 154
98 81 312
74 87 4
61 90 490
50 76 715
30 23 501
63 47 915
75 99 378
74 8 82
47 2 502
65 78 236
25 14 780
22 76 399
94 31 484
73 70 359
89 47 76
76 27 607
25 22 602
88 32 744
27 99 523
72 26 632
47 80 312
39 31 42
62 93 7
43 29 101
9 21 39
73 92 4
92 43 498
94 13 973
31 86 66
43 45 692
57 5 464
6 33 46
14 85 840
52 92 787
61 26 23
23 62 639
66 63 422
51 42 630
91 42 529
82 95 589
75 24 885
63 10 625
52 55 387
4 85 74
27 83 945
22 14 580
62 81 669
31 40 710
66 29 633
62 98 561
56 78 998
10 17 149
31 74 515
7 10 975
76 24 169
81 44 493
20 29 642
27 12 900
100 88 160
93 80 663
52 21 7
10 88 630
66 78 263
100 61 445
96 32 595
65 24 775
74 81 527
62 86 902
60 6 652
89 65 962
36 41 176
67 38 607
97 14 581
59 50 741
70 45 663
43 7 345
39 22 881
97 36 723
1 49 194
32 35 491
29 36 914
36 38 491
59 26 500
29 40 668
11 85 665
28 1 224
49 42 543
52 17 138
58 67 271
17 2 776
7 36 716
34 33 999
60 92 784
51 49 676
67 10 933
87 86 142
88 24 54
37 31 309
69 75 152
22 62 723
33 98 69
41 33 330
26 3 98
7 52 405
64 29 759
9 2 2
13 80 924
86 55 814
31 87 451
46 57 960
30 36 331
45 31 815
20 78 21
18 78 689
38 75 19
100 13 60
97 13 424
13 83 664
52 81 519
82 58 384
63 65 184
30 51 685
19 93 556
64 88 622
72 8 352
79 80 981
76 9 747
34 21 814
96 81 257
5 43 876
61 43 748
92 49 261
24 74 413
20 22 843
3 77 962
97 49 886
50 89 363
96 22 639
18 100 377
42 68 962
42 43 184
43 82 221
46 8 49
31 15 748
70 27 138
10 37 166
96 62 312
29 39 263
46 99 702
86 44 583
54 12 731
62 56 543
30 75 39
82 41 603
64 26 846
26 6 160
85 100 144
30 79 543
58 21 174
47 7 452
75 64 298
4 73 588
17 50 512
35 90 827
78 33 662
36 34 349
87 95 122
14 43 977
7 1 477
17 95 275
37 81 572
6 25 192
50 69 448
97 3 433
57 52 36
54 100 566
95 57 54
3 20 545
84 49 371
64 87 261
11 3 681
5 29 349
31 56 233
23 8 36
75 73 184
79 49 461
74 9 329
95 53 880
49 81 613
13 22 768
60 97 547
77 13 534
23 13 794
17 94 363
45 84 959
73 29 802
18 79 171
3 64 145
11 10 842
75 88 941
10 15 732
27 62 886
50 95 610
72 66 187
43 8 790
90 38 128
46 28 973
44 19 696
38 58 427
14 54 725
68 85 115
18 58 631
18 39 246
30 33 181
95 40 893
91 15 919
25 32 309
13 31 64
68 29 934
70 26 515
79 51 245
23 7 696
2 52 660
44 14 833
12 7 363
10 56 427
70 44 50
16 38 535
34 96 736
77 80 850
46 41 856
17 49 692
74 43 404
74 49 83
67 73 712
43 86 254
81 41 804
74 10 661
48 36 135
99 94 612
82 8 134
26 49 769
75 4 178
40 18 489
45 5 385
18 74 538
65 56 994
27 30 619
93 14 47
75 62 517
57 97 440
90 45 480
56 5 108
43 59 53
67 45 405
86 52 110
58 94 132
36 37 34
97 90 355
89 67 891
8 51 354
81 89 970
70 46 731
86 81 636
79 83 826
62 54 336
3 68 248
20 28 308
8 99 631
2 86 681
44 60 742
98 91 717
83 57 139
41 20 773
87 15 525
65 93 552
48 79 259
88 43 272
31 36 435
85 92 551
32 52 563
68 92 960
48 90 792
2 91 662
9 69 720
91 38 137
66 44 966
95 30 138
32 81 653
25 15 283
92 32 670
26 11 194
69 62 90
89 68 191
69 27 521
3 4 77
50 20 214
2 15 43
37 1 346
23 43 377
30 69 786
88 14 814
100 78 815
47 19 430
93 68 483
21 67 172
77 70 23
34 66 6
74 11 540
41 63 845
48 80 369
1 32 585
73 95 542
77 37 260
70 16 428
77 11 733
64 67 429
34 57 801
48 54 40
74 45 426
7 42 547
27 29 116
15 30 194
8 59 204
17 93 338
77 50 569
95 20 400
56 18 256
60 19 832
35 10 51
7 20 136
81 65 637
60 76 362
64 13 997
98 2 496
60 40 524
89 86 604
57 24 671
83 38 289
13 28 401
38 88 842
90 67 111
15 26 497
68 80 602
78 39 267
70 47 492
70 94 614
63 24 634
91 60 591
55 77 658
60 35 866
92 44 320
25 20 542
67 44 176
12 89 496
94 11 594
33 60 551
2 97 218
58 61 412
27 73 386
11 33 412
36 6 671
17 13 934
90 1 253
53 7 296
88 67 881
35 88 330
38 72 893
13 15 323
25 92 23
30 34 215
47 30 522
89 96 302
69 7 950
46 25 866
55 43 761
69 68 551
22 37 775
69 90 620
75 59 497
86 51 533
30 82 455
98 75 457
76 44 373
63 86 979
83 14 159
41 54 818
94 25 240
15 85 115
87 50 872
17 66 508
36 23 3
40 96 98
15 84 490
26 14 467
41 37 888
1 82 137
81 8 286
39 80 922
14 6 494
58 75 428
60 49 774
83 11 115
34 32 896
37 86 336
73 85 21
31 46 749
76 41 57
27 2 266
48 59 895
64 8 763
93 91 525
38 7 540
23 94 996
67 49 506
47 72 560
20 76 272
32 71 476
86 35 320
33 64 469
21 37 923
40 80 666
96 76 146
18 72 73
14 40 823
61 85 65
48 42 47
95 66 722
56 73 761
38 20 934
6 8 195
25 72 852
69 96 664
93 28 585
37 63 820
90 31 614
43 62 598
23 90 890
48 45 309
55 93 489
49 5 67
11 67 243
43 52 408
12 5 418
63 35 70
81 97 985
93 3 748
32 38 236
33 66 822
73 100 517
53 29 521
95 38 5
62 46 489
79 59 590
95 39 606
100 50 880
29 70 298
57 73 883
55 53 175
23 49 675
61 88 272
86 23 168
46 93 573
56 39 835
21 66 82
18 42 845
54 20 658
16 28 816
31 96 824
78 94 247
27 58 352
51 35 578
79 42 452
25 49 919
8 12 533
5 13 386
15 90 386
57 40 935
26 81 45
3 53 334
3 57 233
38 48 536
11 15 209
56 19 628
4 56 501
32 45 850
75 32 10
33 81 327
14 78 75
66 51 438
99 60 551
34 83 837
79 76 738
36 66 538
60 75 50
20 27 991
19 76 347
2 36 529
7 45 841
20 6 176
30 1 77
54 19 52
50 92 307
47 83 141
9 35 600
34 60 117
75 55 285
100 80 548
45 46 334
44 55 999
67 15 136
76 90 229
17 45 980
10 82 71
57 98 591
54 5 809
78 30 590
37 8 755
89 35 801
52 89 153
68 50 3
36 91 685
74 3 249
23 85 929
72 28 837
87 25 343
74 44 976
50 18 958
95 28 18
56 74 594
92 15 822
67 63 732
50 81 581
26 12 443
54 88 902
72 35 977
1 83 135
28 78 548
64 86 138
74 34 510
72 10 661
45 56 429
88 12 140
19 8 438
17 28 832
47 14 927
90 3 231
94 49 319
12 96 30
29 51 696
46 39 993
77 5 457
22 78 63
9 12 251
40 59 323
51 99 391
1 23 26
10 42 601
45 58 775
75 10 467
13 68 79
78 52 778
51 93 819
92 89 681
44 10 571
89 40 718
96 18 335
86 36 335
15 94 930
68 97 897
45 97 36
58 9 752
65 14 26
80 62 282
49 88 121
97 46 694
97 66 28
65 18 155
3 47 923
74 99 276
6 100 641
63 31 653
74 83 883
46 13 552
16 7 845
26 65 899
46 50 207
95 7 57
19 96 710
12 34 579
11 55 451
70 48 649
4 41 580
23 14 749
73 14 650
68 91 185
52 40 947
11 72 224
40 51 433
21 96 245
75 96 194
8 65 613
17 88 841
39 72 559
31 69 794
82 88 376
11 66 484
74 93 63
10 43 132
73 30 220
15 16 104
14 34 371
29 95 170
39 36 289
27 88 326
31 64 129
11 13 706
62 42 99
1 29 647
75 94 458
23 28 218
90 63 121
46 12 5
87 79 945
33 56 24
15 62 85
37 61 570
35 12 942
42 90 582
64 73 768
10 85 540
100 92 987
37 76 278
41 45 588
85 5 988
17 62 937
4 78 178
87 3 265
32 77 327
23 95 186
63 21 243
48 68 85
82 78 616
35 82 227
87 88 615
40 79 148
15 83 736
97 10 62
30 91 486
10 14 327
85 89 520
52 75 754
76 43 406
61 30 825
99 45 896
65 13 156
51 6 938
2 96 687
77 12 981
51 89 524
29 88 744
4 30 399
17 44 458
65 17 992
81 94 890
49 2 347
91 99 638
76 94 793
53 74 592
64 97 997
32 58 50
63 12 309
88 22 19
32 62 783
94 87 792
47 44 644
86 1 577
91 40 261
80 30 700
91 17 205
60 87 302
77 8 905
100 68 673
76 2 45
1 89 106
84 33 463
43 99 882
64 94 740
29 84 416
34 88 713
32 98 696
22 8 919
70 17 685
24 10 981
33 79 381
96 72 746
99 16 771
8 96 550
3 67 936
59 1 55
95 42 245
97 99 182
41 73 584
29 48 292
19 36 844
73 97 668
23 4 556
5 40 565
25 80 336
70 96 167
73 37 441
85 82 272
15 44 465
16 4 647
12 47 332
19 26 798
96 24 329
14 39 971
67 16 411
62 6 244
69 20 525
42 29 987
87 82 473
3 33 599
80 61 157
34 61 478
83 96 141
90 4 337
57 4 217
55 48 743
57 79 157
17 27 170
56 95 875
52 47 482
80 16 347
24 58 307
35 68 8
39 8 798
77 26 121
4 83 722
26 69 766
89 7 536
16 63 534
69 84 745
97 96 574
58 52 207
73 28 208
34 68 832
51 27 33
42 19 391
89 13 640
93 75 346
93 52 103
68 17 231
3 8 826
13 51 760
53 22 974
78 40 624
23 45 152
18 27 219
65 41 312
41 87 583
32 55 458
83 29 127
31 1 500
78 93 537
9 16 484
42 38 968
66 20 518
3 95 117
52 62 15
92 39 20
23 26 301
58 40 719
25 81 989
70 68 928
86 47 567
39 34 714
1 36 697
92 47 816
79 82 243
73 72 543
60 51 510
22 15 286
29 47 353
82 91 546
7 83 690
100 70 937
63 2 849
60 2 910
29 32 464
19 9 257
10 20 539
17 1 898
85 62 70
84 99 756
54 43 488
83 2 694
47 99 977
61 89 70
97 33 987
43 17 260
13 39 751
32 17 266
67 31 883
52 63 195
32 3 197
93 18 951
33 96 896
1 53 195
60 4 954
66 4 823
54 80 109
62 40 479
1 58 90
24 67 315
59 15 953
16 23 62
73 96 69
83 75 468
17 19 466
43 68 675
8 98 307
85 98 422
26 25 652
58 96 616
12 57 748
49 40 371
28 83 50
90 18 576
6 90 780
93 50 25
29 11 249
15 46 184
1 26 510
95 92 703
72 49 797
55 34 354
60 96 138
49 36 425
18 14 623
86 26 870
76 14 879
51 69 504
16 46 863
66 81 930
72 83 303
51 90 868
2 69 641
36 70 866
51 92 798
23 33 60
76 4 369
54 2 254
57 59 808
3 15 449
33 28 275
27 31 297
30 42 780
24 48 564
61 92 176
16 57 74
86 50 746
72 5 489
67 23 906
24 26 401
49 4 447
43 65 535
76 86 717
66 18 210
36 52 628
35 93 933
72 13 681
57 53 582
51 91 578
57 19 940
26 45 80
1 8 352
59 2 427
77 61 789
10 21 984
82 34 934
16 8 19
42 15 795
100 14 584
86 13 616
35 97 882
47 33 659
94 90 821
40 45 929
85 66 660
1 12 567
66 55 602
49 100 957
80 10 299
46 33 67
41 9 911
72 46 164
41 13 389
42 86 764
36 9 748
68 65 550
100 19 35
38 50 325
50 96 316
38 14 932
50 48 448
41 62 710
51 68 959
40 2 723
77 39 351
79 32 1
85 78 231
21 49 833
84 44 890
46 96 148
75 46 612
20 73 199
11 99 408
32 28 528
10 69 326
84 19 378
32 46 833
22 19 228
91 32 310
77 100 28
13 32 778
26 4 934
28 35 138
43 51 960
29 60 526
21 31 317
33 19 211
9 17 898
96 49 303
59 82 59
9 67 440
9 30 544
27 3 892
90 93 942
2 16 794
79 66 407
96 84 50
53 10 462
66 23 106
21 51 547
33 21 1
41 32 842
99 95 668
12 13 309
76 66 7
86 100 438
49 37 723
32 56 7
28 36 964
15 88 909
6 76 254
61 11 757
82 42 815
49 83 290
80 94 501
35 81 472
56 11 912
83 89 536
57 28 173
35 46 771
40 33 809
42 78 591
67 80 622
40 77 963
19 69 606
30 26 752
59 63 215
54 59 251
45 69 666
56 41 982
2 90 176
50 65 760
17 100 2
30 58 840
24 3 581
98 40 259
85 69 412
4 94 201
77 59 3
46 40 382
25 40 624
29 21 871
37 60 875
90 33 338
100 84 681
73 34 73
11 24 663
33 72 197
44 28 382
41 90 786
2 46 589
88 91 251
48 97 121
48 12 747
4 48 858
76 7 365
34 70 344
4 14 549
72 48 246
10 29 538
96 53 492
52 11 841
79 99 34
42 97 752
16 36 724
65 55 134
83 43 133
78 34 352
90 30 618
98 79 482
28 31 131
99 59 685
37 2 85
99 48 286
17 24 413
33 29 527
54 83 459
81 56 431
46 7 140
17 74 215
33 69 939
70 20 113
65 15 232
84 59 956
57 92 392
43 77 969
74 96 266
19 41 203
88 28 862
36 61 860
47 37 941
79 28 931
63 38 94
63 4 899
62 79 977
29 80 927
33 95 596
16 74 504
14 75 120
53 39 25
81 22 143
81 43 657
57 61 413
60 64 612
83 5 273
57 39 208
35 52 3
20 13 646
52 23 638
80 55 154
27 93 211
60 100 255
34 95 351
8 44 721
34 7 302
24 8 917
97 5 420
56 16 627
61 14 973
40 15 845
34 25 275
70 62 225
2 75 302
48 53 197
66 27 669
15 49 761
58 13 829
78 60 527
24 22 956
96 77 382
26 38 280
75 29 736
67 57 377
13 27 101
69 22 689
13 69 599
12 60 711
46 92 421
27 1 135
56 2 272
12 37 10
91 67 175
17 76 46
97 40 894
22 95 21
75 89 577
31 50 103
21 75 721
3 99 712
83 99 482
55 82 36
75 87 322
48 16 360
60 7 868
76 57 744
45 94 199
30 97 640
96 1 562
26 99 165
16 40 111
80 15 440
73 91 647
68 23 8
81 13 130
84 81 339
97 59 956
76 46 158
24 35 954
97 39 731
97 20 708
45 85 995
38 70 949
88 23 38
8 47 875
82 2 114
95 51 77
58 69 144
99 63 231
82 39 22
16 31 230
89 28 464
91 83 963
69 11 522
45 87 743
32 14 116
48 98 316
84 76 118
56 51 380
58 99 437
100 69 855
41 96 433
31 83 165
90 14 330
57 56 478
77 47 265
99 37 194
29 17 510
69 3 915
54 64 999
5 64 480
17 56 953
48 100 251
76 89 34
14 27 556
15 79 352
59 70 663
84 18 884
36 33 532
46 68 169
92 80 333
41 86 461
78 69 424
86 34 778
27 33 786
15 39 785
77 46 261
66 92 100
32 85 427
72 41 112
8 21 764
6 34 549
44 46 759
65 79 202
37 56 408
98 20 951
22 52 307
16 44 245
9 37 551
43 97 379
78 76 217
70 15 63
79 26 594
44 36 339
34 44 967
84 24 5
44 1 798
86 88 326
23 42 110
42 8 790
64 90 903
32 97 780
9 77 95
60 10 387
30 14 54
70 69 716
91 78 876
38 30 953
47 81 536
92 3 32
3 62 985
98 80 737
51 78 373
65 59 801
57 23 819
18 30 710
97 88 515
44 52 282
90 54 538
48 65 815
11 84 515
59 21 854
42 20 958
8 18 42
9 97 31
56 42 5
43 90 547
73 8 295
33 18 405
17 41 907
93 32 452
43 26 920
68 20 516
67 34 784
31 18 232
60 69 290
69 35 641
55 90 598
47 15 319
86 18 840
24 37 964
77 95 416
4 84 152
20 92 189
1 92 272
36 56 135
67 55 863
48 41 927
53 70 256
31 33 313
5 94 407
100 52 644
13 62 444
70 97 774
5 55 923
5 10 917
17 92 458
82 56 608
75 68 58
61 31 103
83 51 209
30 12 572
12 62 778
65 9 738
86 60 305
97 29 427
48 2 960
45 52 165
58 78 15
36 47 362
97 12 187
25 39 656
64 98 115
91 28 451
92 56 521
75 28 748
20 74 946
16 98 874
84 1 792
25 33 637
58 23 583
29 37 819
95 8 312
90 74 974
47 97 436
99 90 632
17 69 383
72 88 899
79 31 255
16 24 143
59 13 276
16 91 74
31 4 357
20 14 511
29 92 381
72 3 957
62 58 118
75 84 787
8 7 806
24 5 518
29 25 794
9 83 196
88 41 244
51 84 876
17 73 266
4 9 77
11 4 56
99 25 237
67 85 305
30 74 367
11 7 212
63 1 269
44 45 73
24 39 247
95 12 112
46 90 608
100 8 926
33 9 638
25 68 762
95 90 690
58 39 760
68 82 924
82 64 14
59 100 747
78 81 183
34 85 935
58 46 146
28 3 847
71 93 871
89 79 839
36 40 301
100 45 62
52 42 280
55 61 899
64 11 534
30 25 363
35 91 522
42 81 649
81 61 427
4 72 500
52 13 573
57 91 185
33 75 487
96 37 966
95 89 78
22 32 878
75 79 557
66 93 491
9 24 400
26 44 219
65 23 991
28 54 624
80 59 559
49 77 611
27 9 517
89 88 588
86 99 678
15 72 823
88 95 716
7 86 122
46 4 765
16 45 245
85 13 497
11 19 632
1 91 907
41 59 589
84 89 973
58 66 454
82 84 326
2 55 534
13 54 282
75 50 16
81 64 766
40 73 107
7 96 297
56 61 912
19 91 750
99 77 333
52 90 177
85 77 712
70 85 753
25 24 541
39 2 967
8 55 524
90 22 440
56 28 177
33 13 965
39 94 327
95 31 459
48 19 766
61 63 782
34 18 978
21 42 553
36 68 943
1 39 897
83 41 796
45 88 671
52 38 742
59 27 260
11 31 312
66 26 638
84 27 580
15 54 1000
77 89 443
18 29 272
12 36 828
44 75 125
68 79 242
57 68 611
26 68 929
66 89 749
24 68 770
64 92 402
92 77 307
100 23 289
34 38 540
29 82 158
84 32 31
1 2 317
60 41 435
64 62 361
76 73 432
20 89 985
78 16 283
43 37 927
94 51 358
97 26 837
43 56 828
28 38 653
34 45 792
72 59 271
4 64 477
95 93 871
69 98 503
51 77 698
3 31 41
36 64 649
87 83 644
67 65 913
27 34 599
32 65 867
63 94 899
84 95 762
3 71 801
96 36 217
56 91 561
21 78 220
11 30 427
65 11 724
80 7 859
47 18 614
89 39 517
50 85 26
89 14 293
46 67 750
31 59 515
39 100 176
66 54 971
7 26 96
31 35 494
24 32 166
86 22 533
32 7 293
13 91 317
85 29 997
57 55 69
10 41 815
75 70 615
57 72 852
7 85 611
29 59 956
86 8 709
90 59 984
93 29 538
49 63 200
79 97 507
81 28 898
22 72 705
94 60 966
82 86 865
91 66 38
93 13 218
28 43 432
85 48 64
58 7 718
88 74 897
55 63 976
51 9 956
93 11 192
50 44 138
12 81 373
36 99 775
79 21 459
86 94 551
76 38 106
97 56 426
22 26 512
40 3 714
25 100 431
29 55 756
36 32 372
67 54 209
46 18 771
28 86 979
83 24 12
30 99 154
33 14 571
31 93 643
80 24 648
57 84 420
59 20 454
45 96 220
40 55 997
90 81 510
86 90 955
95 43 815
78 98 111
57 89 825
10 36 220
96 6 669
7 92 441
61 52 352
95 74 163
68 19 678
90 44 348
1 93 378
27 6 448
33 20 581
27 49 576
61 41 505
11 76 984
37 75 484
43 78 49
50 78 379
52 95 626
64 91 272
2 41 619
56 63 980
100 96 744
36 17 586
44 30 470
11 98 240
47 34 282
76 91 835
84 31 621
100 38 564
93 94 714
14 29 27
53 88 684
75 35 220
58 29 936
48 11 437
52 33 388
45 13 522
56 29 689
41 50 425
16 84 96
70 6 423
80 82 552
6 32 876
65 64 34
9 85 838
50 55 471
75 6 267
53 65 346
59 22 458
99 6 618
74 86 354
50 10 54
76 52 343
5 84 796
59 67 384
74 5 127
48 13 114
38 74 739
59 44 909
78 72 177
30 86 902
62 10 438
98 36 544
20 48 831
78 37 160
69 32 658
24 23 472
21 44 810
65 27 675
62 44 247
54 49 518
54 72 948
88 39 676
8 29 346
29 67 46
96 25 692
80 38 577
78 10 947
21 4 130
73 38 954
59 93 682
38 79 386
76 5 449
37 3 102
35 42 197
100 31 726
7 82 236
2 19 657
73 62 323
49 48 61
15 18 836
62 78 208
86 15 138
17 4 422
82 44 676
81 67 602
65 36 480
91 55 407
24 49 846
98 94 379
72 69 588
44 68 941
12 59 168
85 47 124
100 32 144
25 27 224
84 28 158
52 31 741
57 45 621
86 84 829
57 47 669
18 85 12
8 85 770
96 38 913
75 66 315
67 47 661
6 18 285
53 15 311
37 33 313
17 64 573
36 77 344
91 75 966
2 28 941
29 24 525
58 14 659
55 6 131
85 3 62
75 27 382
53 75 312
37 4 12
59 38 184
82 60 665
17 12 277
13 14 738
78 87 278
60 1 676
59 76 780
26 67 80
70 13 419
12 3 103
4 58 832
27 81 846
97 23 953
64 2 775
3 30 496
40 27 742
51 23 433
78 99 751
40 6 49
67 86 68
97 28 369
38 65 216
39 70 307
18 98 21
22 83 873
2 78 518
51 34 448
44 13 873
10 31 779
92 18 234
49 53 507
38 93 913
95 76 884
93 2 403
6 92 238
99 96 988
84 43 966
11 59 829
45 20 303
87 77 44
12 92 538
20 88 12
60 56 486
55 15 520
61 35 703
78 29 583
10 100 836
3 16 774
84 72 820
50 25 286
88 52 46
18 91 808
84 66 718
33 74 334
60 65 275
91 4 717
87 80 534
48 82 154
23 46 213
55 28 46
25 31 938
33 65 23
98 42 357
64 52 203
92 54 61
21 80 420
9 73 678
12 18 98
60 98 227
79 81 375
51 38 49
53 35 10
60 80 749
19 28 850
77 83 49
13 88 66
76 97 290
78 48 621
51 47 412
94 89 201
64 93 493
90 80 728
66 80 377
9 23 214
16 82 793
41 35 777
88 42 962
77 1 493
44 6 205
9 68 260
48 76 255
77 54 986
100 43 261
74 82 615
67 48 740
1 10 351
12 78 422
15 43 238
12 10 89
20 72 799
26 50 440
79 70 827
19 35 345
80 18 26
43 67 529
96 17 722
64 74 357
79 67 853
5 70 646
92 48 939
93 63 378
4 87 523
82 98 670
10 16 168
8 48 782
19 51 407
69 52 971
84 25 193
80 97 774
89 64 990
100 57 475
88 6 963
66 3 155
62 14 529
52 84 421
3 41 219
45 3 852
96 29 952
35 83 3
93 15 230
40 23 775
88 83 718
22 65 2
80 8 485
55 83 655
77 53 239
49 99 742
22 45 703
25 11 147
76 54 884
19 98 18
94 67 592
95 75 19
76 83 200
48 75 314
42 39 219
75 39 406
3 75 484
76 87 660
54 78 764
69 80 273
61 91 718
3 54 838
1 42 649
37 62 266
28 26 540
50 62 234
92 38 295
96 61 420
6 72 493
16 83 190
76 8 823
68 99 595
64 39 896
22 55 158
38 9 249
57 17 884
8 4 456
81 20 941
74 32 778
95 6 854
99 14 864
49 22 803
94 6 956
93 58 403
5 20 324
21 92 480
53 14 804
2 12 589
3 50 708
4 96 672
29 2 256
36 82 912
53 52 675
17 11 117
7 22 995
37 88 917
30 70 371
3 2 594
25 73 99
56 20 816
50 73 976
12 6 807
60 5 896
23 19 793
46 94 274
92 86 223
88 26 435
82 18 815
70 12 519
69 21 220
51 72 801
19 39 630
68 60 967
2 53 632
73 84 524
72 79 918
66 70 191
24 45 283
76 10 617
7 68 770
25 1 453
78 13 599
48 95 103
83 58 314
49 98 806
30 60 960
28 11 464
45 72 342
1 100 984
34 10 295
59 55 179
41 12 408
8 62 862
34 4 758
6 98 757
41 89 67
4 74 536
42 9 332
47 22 81
57 65 546
50 11 718
87 92 145
79 56 420
13 35 518
8 83 388
29 4 731
32 4 10
45 49 468
87 84 584
93 72 112
51 11 777
96 79 240
18 53 547
73 83 590
79 46 736
15 27 839
94 41 410
86 46 775
68 22 517
83 17 570
89 44 710
23 21 401
98 83 458
19 10 172
36 90 2
56 70 863
47 95 987
93 70 640
22 43 795
68 28 257
17 20 266
79 23 867
17 31 350
16 52 941
91 48 43
70 49 266
78 84 843
83 82 763
73 99 747
34 26 357
33 48 662
83 65 519
13 8 748
54 74 608
34 63 34
20 52 702
5 53 186
46 98 234
74 79 45
83 20 473
94 65 941
20 53 819
21 28 114
74 63 677
27 90 840
46 3 474
75 43 384
37 59 333
60 54 393
97 74 649
33 10 526
1 80 620
13 1 143
88 84 394
63 36 324
84 2 254
49 44 938
87 22 655
25 7 73
40 17 809
59 14 642
44 42 69
62 45 152
31 75 934
23 55 972
75 11 295
85 33 222
4 24 422
1 88 457
62 25 761
76 72 618
20 58 352
22 89 775
18 57 500
52 24 980
63 5 553
5 93 397
79 63 257
83 70 56
59 69 48
59 32 789
18 5 960
54 45 677
49 64 704
22 74 475
81 73 577
38 31 559
33 67 5
36 18 801
95 54 158
74 72 429
21 70 645
5 90 827
32 5 178
78 17 556
73 18 832
34 41 187
29 94 573
20 2 548
63 33 817
91 41 451
18 97 413
37 72 20
87 89 723
87 55 274
89 5 71
75 45 191
26 52 236
21 84 406
83 60 29
66 49 754
55 100 570
16 66 867
50 40 86
52 72 982
38 15 470
12 20 529
43 49 950
20 46 447
45 79 200
76 21 723
53 80 286
94 43 553
90 28 411
56 58 667
92 79 835
41 98 325
62 34 420
14 1 231
29 79 941
11 2 479
77 24 24
45 10 100
70 64 446
9 61 800
41 26 200
38 62 688
30 89 777
46 49 394
51 75 942
34 94 401
97 91 368
54 23 57
60 59 62
47 21 558
88 4 87
100 97 966
83 93 600
33 39 931
28 100 512
3 61 50
14 63 998
25 43 956
12 98 729
49 52 329
14 41 214
19 3 109
21 17 767
48 56 93
25 60 795
94 32 184
34 23 241
70 80 269
66 28 689
66 5 820
78 79 370
98 71 578
7 4 771
82 47 192
46 59 408
63 72 195
31 29 769
73 2 454
89 24 85
73 23 283
67 92 88
59 16 676
2 10 36
72 82 167
58 57 204
54 97 720
24 59 358
8 58 333
98 65 728
52 59 200
60 67 612
20 19 831
75 63 210
32 21 570
28 10 697
74 1 54
58 90 429
23 64 573
83 40 452
28 65 290
79 5 769
88 16 891
95 59 986
79 7 247
64 7 605
84 94 392
62 29 386
88 8 210
80 34 764
98 59 920
44 24 675
93 24 455
56 15 31
35 43 655
50 61 563
93 85 628
16 95 422
5 81 579
37 45 51
56 53 645
55 73 716
81 2 774
54 18 969
39 67 724
90 57 73
25 5 636
99 76 554
53 44 691
47 69 604
9 55 428
81 58 780
32 86 502
67 75 859
87 43 296
16 1 658
61 21 548
15 5 655
10 40 960
27 10 687
52 14 588
13 38 793
74 77 123
31 85 723
6 41 162
32 48 616
36 21 298
14 56 398
7 33 334
48 28 306
2 66 27
32 53 674
24 41 209
73 89 622
62 20 259
55 89 719
61 53 645
58 73 556
30 32 448
22 51 298
95 91 204
60 90 559
14 55 576
46 34 938
81 45 391
28 85 107
68 62 297
27 32 722
96 10 836
68 56 349
65 46 462
29 22 237
41 30 98
80 75 425
78 11 791
82 5 878
82 92 693
92 10 520
3 94 504
31 99 280
100 53 966
79 2 688
11 36 836
73 26 139
94 9 351
56 96 264
52 87 237
89 15 909
5 26 631
100 93 396
88 93 502
81 39 548
30 45 890
55 64 970
42 4 234
99 53 428
27 26 642
18 26 448
91 31 254
100 21 680
68 94 549
4 40 389
99 56 358
67 53 81
42 33 552
97 69 14
95 78 138
100 34 528
5 44 90
89 6 790
36 20 824
10 94 528
52 67 583
46 85 499
15 96 647
5 23 447
17 60 296
78 55 56
75 8 151
44 99 197
29 3 548
29 44 521
27 23 184
46 22 147
71 72 31
48 40 679
11 20 719
85 37 303
12 22 782
79 34 418
44 73 221
98 93 37
91 44 900
25 97 968
93 53 224
99 21 12
97 4 126
94 62 782
44 54 927
1 21 313
60 58 192
70 84 954
41 7 321
9 6 580
56 89 989
15 58 350
17 22 804
55 98 399
38 4 595
4 18 645
1 69 726
33 12 843
80 84 79
69 41 74
12 38 549
86 39 28
27 64 103
22 100 273
25 58 252
30 52 382
36 81 264
64 12 841
82 77 825
2 30 85
87 14 85
14 28 176
14 50 693
77 42 6
35 55 165
47 91 460
6 24 76
3 1 496
91 69 931
21 88 801
11 81 318
85 43 952
45 29 579
68 15 219
89 45 332
39 28 40
30 16 647
19 7 787
37 80 284
87 54 930
70 4 546
47 65 966
58 70 678
28 27 797
57 48 597
72 36 528
26 74 448
32 60 748
96 13 767
76 16 73
18 11 467
47 79 534
64 44 110
46 37 934
31 19 217
71 27 861
6 35 777
94 21 3
26 37 654
8 52 26
4 28 207
70 33 12
79 25 808
22 57 627
49 87 773
67 27 433
99 35 270
82 51 22
43 9 369
63 9 557
15 57 955
28 53 568
50 5 552
25 98 37
65 77 463
92 98 851
9 47 551
86 54 42
52 94 621
37 18 174
54 68 845
56 55 625
8 97 88
38 94 510
45 76 703
72 89 125
30 64 714
25 38 464
20 32 911
80 3 1
8 90 931
94 59 977
64 79 817
5 59 245
48 66 739
24 19 419
2 22 552
33 45 57
70 41 452
91 81 551
80 32 13
72 30 675
19 95 732
3 22 431
22 4 153
55 51 88
42 80 424
88 25 507
17 86 79
84 7 50
38 87 982
59 91 265
33 87 619
6 45 140
100 79 425
85 84 578
35 18 747
94 66 34
11 70 218
65 7 22
28 45 884
19 73 861
62 72 431
22 38 415
17 89 374
5 34 508
14 91 377
93 82 891
56 44 978
2 89 143
57 21 914
10 22 331
55 37 291
94 73 475
25 47 293
67 96 16
92 24 508
3 84 943
20 24 376
54 4 192
16 12 233
87 57 936
68 4 296
11 14 72
92 93 398
3 73 852
23 32 918
16 55 388
9 80 526
77 64 921
56 25 427
58 11 987
62 57 813
17 7 812
32 19 982
43 2 695
20 96 756
12 31 364
26 82 755
47 31 999
12 75 397
11 47 879
82 53 829
52 85 93
54 51 43
57 60 903
45 36 839
51 4 475
2 14 188
77 93 835
37 20 526
11 79 972
9 82 231
39 7 714
92 72 442
22 70 241
23 80 966
65 45 290
100 95 789
85 76 445
21 53 673
60 89 574
12 91 767
78 45 692
99 65 849
5 51 542
87 9 499
14 49 582
39 69 610
73 42 677
78 8 114
99 54 647
44 20 180
25 41 850
11 8 403
100 11 289
51 67 570
41 95 909
32 39 85
63 88 806
21 12 677
20 80 70
12 43 997
51 17 204
1 33 257
12 55 854
15 12 789
89 74 653
51 61 888
77 98 268
90 91 83
17 33 792
29 99 46
23 59 403
23 78 273
8 10 56
90 7 197
9 28 534
1 6 915
56 98 58
97 94 546
83 6 190
21 87 713
21 56 290
68 73 725
3 88 63
11 34 314
55 72 507
3 59 598
94 96 567
62 91 977
12 23 267
26 96 116
13 99 299
63 6 550
76 13 555
59 83 207
86 78 904
51 25 67
4 19 539
90 56 867
50 74 376
43 70 9
62 82 422
98 58 422
37 19 969
28 40 128
44 12 333
4 81 25
64 14 246
11 39 8
13 3 408
90 53 771
16 34 492
12 28 19
28 76 583
53 97 262
84 97 48
37 64 190
47 100 97
47 87 975
94 1 947
64 42 498
43 21 652
87 72 909
90 87 466
93 47 979
98 100 336
47 55 801
18 89 195
53 41 594
12 61 485
48 94 203
63 91 688
84 42 115
86 69 998
89 62 286
87 93 110
41 78 673
10 95 712
9 72 160
40 54 113
97 61 273
37 51 16
54 35 534
86 65 481
44 22 137
16 33 203
13 53 744
31 6 216
97 6 590
13 87 285
62 39 735
67 30 375
69 36 358
39 96 561
23 41 562
7 5 535
89 38 325
88 33 99
50 43 340
94 56 844
74 47 428
7 55 116
70 65 328
66 38 856
12 93 894
96 28 615
60 28 132
37 74 274
9 57 268
25 18 15
98 17 491
62 21 285
26 39 899
42 99 41
87 46 507
75 81 105
97 62 274
66 50 58
9 44 964
66 6 773
4 89 548
6 74 917
84 58 591
64 59 662
26 95 982
4 95 506
41 84 823
84 23 658
14 37 873
76 36 861
12 49 286
14 9 411
94 20 769
92 36 916
85 27 350
100 94 428
84 39 38
16 39 896
90 49 886
42 12 927
41 18 711
28 51 911
23 44 476
58 22 220
70 37 568
65 73 527
18 63 958
50 12 973
22 60 855
58 28 494
59 19 97
93 54 322
26 92 264
93 42 345
14 69 924
54 91 564
21 41 266
47 28 720
95 15 952
7 21 949
16 29 123
68 71 547
37 97 179
37 89 903
15 81 586
13 6 142
6 30 940
33 73 860
82 94 625
27 97 859
80 50 480
2 32 388
44 2 522
79 77 678
29 6 344
82 33 760
95 45 473
64 18 467
66 35 171
51 39 259
63 11 258
43 20 203
73 98 508
83 19 424
98 76 562
89 58 464
78 3 948
20 75 888
33 59 291
81 93 825
54 63 722
40 44 856
99 10 985
9 46 35
33 24 158
65 25 989
60 9 735
94 88 525
11 95 24
94 8 676
28 24 228
90 84 712
68 74 909
17 81 892
17 67 258
39 9 138
30 28 780
15 75 868
4 50 307
16 62 46
70 35 473
22 16 607
87 35 916
69 43 500
51 2 432
27 55 986
63 82 392
8 87 159
55 76 651
87 16 596
31 68 563
6 79 935
97 15 385
51 33 187
34 2 243
83 84 137
69 49 428
12 84 631
7 13 953
73 15 180
27 79 836
32 10 601
64 6 167
92 74 393
79 53 806
15 8 733
40 84 994
69 4 485
5 35 43
57 99 86
70 2 390
81 24 877
48 60 172
48 83 606
39 40 487
12 72 85
98 50 628
50 84 931
80 96 98
51 53 159
18 67 340
92 22 449
86 59 785
38 69 928
27 35 350
62 9 48
53 59 762
86 4 516
7 30 805
73 21 155
42 85 156
90 24 989
88 81 681
23 35 929
37 34 404
77 10 94
68 52 441
15 17 245
65 71 237
39 38 897
6 42 719
12 67 67
43 57 359
51 12 713
41 1 227
60 85 968
57 37 531
35 30 97
26 100 673
4 45 949
82 57 113
57 80 690
57 77 67
100 99 938
1 35 696
99 5 687
99 64 868
95 1 157
66 43 106
100 37 569
48 9 301
78 36 503
1 87 365
35 47 88
1 15 512
13 24 783
56 77 903
49 10 474
44 93 296
1 51 493
16 86 160
51 96 209
62 49 58
16 75 159
40 19 430
92 19 42
95 85 316
45 60 117
97 24 647
23 71 193
77 2 954
20 64 594
81 54 19
14 98 994
63 87 290
50 16 820
70 54 344
63 77 525
61 7 323
86 71 433
82 90 873
8 32 747
4 33 104
13 29 159
53 69 624
44 69 974
35 49 674
48 46 854
53 40 166
53 45 708
7 44 114
21 14 739
28 29 844
65 96 660
11 27 142
68 63 316
55 20 776
1 85 652
23 22 436
41 55 587
55 26 228
93 36 973
24 61 226
29 19 575
38 86 422
25 66 797
60 77 364
64 19 842
54 75 114
84 92 566
81 38 606
75 76 478
87 11 618
4 53 281
85 57 816
73 36 889
49 29 195
40 100 168
1 72 59
69 87 663
57 94 259
58 76 855
91 10 460
69 79 227
13 98 641
15 98 560
20 86 163
61 33 761
11 91 618
95 97 886
27 24 893
16 96 35
91 87 13
2 87 136
51 16 132
77 34 689
10 83 179
49 3 976
35 92 553
8 14 106
36 3 921
57 70 615
17 59 422
75 57 452
64 100 912
79 4 362
12 4 324
100 87 252
30 59 676
50 13 697
17 35 433
90 77 336
93 43 436
61 29 549
19 12 862
56 40 832
66 88 747
100 7 583
89 23 888
83 67 726
76 65 549
68 27 397
32 66 194
67 82 484
51 20 410
42 16 100
61 73 586
72 99 10
32 51 637
53 8 920
91 43 626
5 11 170
27 92 997
4 35 933
71 51 161
96 91 915
55 46 600
15 6 337
61 83 866
14 60 797
30 92 439
8 17 144
5 47 387
8 20 140
14 94 969
29 9 363
55 30 197
85 49 367
41 5 860
9 10 257
81 40 150
35 96 262
23 10 611
4 27 284
4 80 719
19 78 936
44 88 927
99 67 531
5 36 462
41 39 813
68 18 554
96 64 159
70 18 308
59 6 118
82 66 396
90 9 83
51 41 840
83 21 979
42 92 356
75 18 835
3 10 574
53 98 383
39 49 262
79 60 256
48 31 328
82 46 163
80 33 916
31 8 454
5 98 443
51 88 280
19 88 500
44 18 417
48 6 986
78 68 636
34 98 184
37 92 356
58 55 60
23 60 889
22 6 66
41 16 203
19 97 172
20 30 571
27 48 986
79 54 439
18 60 119
98 84 94
52 80 964
5 42 898
54 30 93
51 31 513
59 35 615
58 44 174
84 30 26
94 33 615
49 28 627
100 63 12
43 31 593
55 19 11
59 71 908
49 47 517
35 3 917
3 56 193
21 2 990
100 42 253
66 46 803
60 50 195
38 78 29
50 29 825
41 85 240
26 85 159
72 44 226
67 6 57
87 20 550
40 8 806
88 36 506
26 33 952
93 39 692
85 81 593
48 73 457
67 70 64
72 95 559
89 59 389
53 46 301
30 88 270
46 42 833
64 50 823
41 29 859
65 88 5
10 93 499
27 47 789
39 87 538
82 13 401
60 55 734
76 100 972
28 62 184
1 66 657
76 15 526
76 31 102
83 39 368
8 70 77
56 80 632
100 56 965
93 89 815
60 36 90
24 53 672
80 46 510
72 7 196
38 57 220
32 73 133
9 31 672
99 52 110
21 45 966
67 40 118
97 78 881
5 31 515
31 80 416
65 44 506
24 82 921
18 69 396
50 99 227
27 60 594
83 37 32
76 34 303
95 96 93
35 78 467
65 80 683
17 87 941
52 97 682
33 55 222
27 8 476
60 73 704
75 72 699
73 13 33
6 57 894
87 85 253
7 24 821
14 51 910
69 64 325
43 89 838
62 33 8
42 25 354
49 76 430
51 24 250
51 26 950
68 76 530
98 54 422
84 91 653
68 33 672
14 16 837
54 7 750
66 96 59
67 61 922
7 37 893
89 21 361
43 38 758
33 91 428
8 34 563
46 78 512
78 44 70
8 92 214
66 77 35
79 73 146
15 21 481
35 94 720
9 53 308
50 45 665
91 80 743
85 44 434
97 22 56
48 63 814
28 37 609
88 60 847
65 69 284
98 26 638
69 37 988
39 54 787
66 42 406
40 30 954
78 15 668
71 74 184
48 23 558
60 72 621
91 92 124
71 20 691
20 40 777
62 26 956
12 24 963
15 32 744
8 69 491
43 44 72
51 76 158
1 71 700
74 76 756
1 48 157
87 37 855
7 18 439
65 58 792
62 11 838
5 27 430
52 3 353
94 47 480
99 69 579
78 6 236
99 82 875
7 74 365
55 74 375
57 1 564
30 37 814
82 37 117
88 40 74
16 53 734
46 19 720
95 61 779
38 27 581
52 79 645
80 45 325
74 78 300
19 99 732
65 74 486
60 11 547
74 73 224
8 50 331
58 19 606
28 70 987
34 3 335
79 58 914
75 74 540
25 95 227
42 96 648
8 33 402
37 93 821
21 77 974
19 74 366
58 37 125
12 76 205
29 90 209
87 51 31
72 91 882
97 1 606
85 36 280
23 91 814
24 62 278
90 96 353
3 44 980
85 56 444
17 42 24
66 90 55
41 79 52
98 45 740
68 95 505
65 82 885
98 97 604
13 63 511
65 5 369
25 55 195
76 23 308
24 18 990
75 9 624
30 19 281
69 82 117
10 81 237
27 36 272
82 20 932
49 86 986
55 36 780
64 71 981
30 62 980
27 53 797
54 96 157
46 54 637
27 80 481
24 31 969
93 45 131
15 24 445
64 61 921
74 27 196
33 5 247
77 41 270
7 98 81
79 3 719
61 76 227
1 9 45
51 74 412
7 15 870
32 54 787
96 87 680
58 26 896
48 35 510
68 10 820
49 59 778
22 50 422
31 34 813
98 96 214
50 83 683
50 32 713
51 81 425
16 73 543
80 73 556
51 46 953
34 92 758
92 88 300
53 38 711
96 57 8
98 68 771
63 17 667
40 74 420
20 9 622
68 8 86
75 1 389
56 59 547
1 62 634
50 88 740
13 95 29
25 85 618
35 98 643
49 58 630
75 82 327
12 99 833
36 79 13
71 46 97
45 64 906
94 95 278
35 85 416
43 18 2
94 54 86
3 82 35
82 61 471
91 3 502
3 48 346
57 29 689
20 67 565
9 34 414
18 95 421
21 95 630
97 21 972
34 65 260
49 9 411
13 74 976
64 22 505
68 77 589
28 34 122
68 55 828
23 87 794
80 51 992
3 38 860
77 18 725
54 22 552
42 24 209
2 65 498
75 5 860
81 55 61
6 4 256
32 9 551
97 7 971
29 89 306
90 50 58
64 40 510
23 17 127
96 30 504
7 35 402
21 19 279
84 17 898
41 57 386
45 25 573
13 75 523
49 30 655
26 46 107
62 90 233
78 5 294
36 15 52
34 20 433
33 58 344
45 82 668
61 5 775
78 31 380
90 10 934
69 57 237
20 31 87
15 66 405
31 65 506
77 30 563
14 67 701
83 18 54
52 91 163
43 40 824
43 19 814
63 50 90
79 14 791
10 13 820
7 29 385
60 93 122
13 49 794
83 33 567
51 97 874
97 67 344
48 69 511
85 99 494
68 21 825
39 3 706
90 12 261
8 84 616
61 39 886
32 76 591
37 44 305
2 13 457
11 41 952
75 100 10
48 5 824
47 43 151
74 57 922
94 69 134
83 68 595
77 91 151
64 78 586
86 53 868
90 78 93
99 4 664
93 16 153
90 21 695
81 100 369
5 28 62
77 76 237
80 41 827
9 50 458
7 81 470
47 50 842
25 48 27
66 74 574
79 24 980
63 60 603
74 29 898
99 34 819
78 7 422
43 98 75
30 98 495
26 63 203
56 23 690
66 8 798
99 88 898
53 12 684
92 31 696
88 85 830
56 64 757
47 41 230
50 51 745
80 58 543
61 49 210
77 20 891
32 89 841
5 86 913
27 19 676
93 48 951
60 13 224
55 4 71
98 89 511
35 95 594
65 12 530
33 76 257
52 28 496
4 44 715
82 31 252
86 12 576
72 21 816
53 6 517
86 79 985
85 64 976
1 78 52
61 44 876
46 11 548
65 100 675
93 96 332
43 36 145
95 98 889
46 52 754
81 9 762
25 63 128
14 80 945
17 53 51
42 3 822
75 40 188
39 27 873
70 9 938
99 7 544
43 32 536
37 48 211
86 21 769
50 24 147
37 67 316
57 33 791
95 70 806
85 24 962
73 82 870
77 28 671
47 26 62
58 85 486
74 42 621
15 100 487
60 3 945
43 1 4
31 81 33
53 26 66
100 62 2
92 9 695
90 20 908
79 9 863
68 96 478
67 62 76
33 38 551
14 77 292
16 97 97
85 90 445
3 9 990
77 16 580
28 15 351
49 34 679
26 60 471
21 48 186
78 88 416
42 61 986
20 85 166
1 70 286
99 41 241
87 29 197
34 90 550
79 55 931
40 41 617
68 49 172
81 30 261
47 10 451
99 66 420
26 16 250
30 46 769
45 39 202
34 15 947
21 3 432
49 75 379
19 66 415
93 41 571
67 4 447
24 38 564
61 38 50
11 22 805
24 21 664
2 95 302
42 75 188
77 29 567
30 13 550
15 23 937
47 84 373
93 22 372
7 67 214
79 85 891
51 52 222
52 48 680
79 22 109
73 59 225
9 100 329
73 11 469
44 80 6
72 94 339
7 91 355
66 39 540
100 2 288
5 19 16
43 33 655
33 35 927
98 52 221
1 55 472
89 36 579
96 86 702
100 35 175
74 67 585
95 80 404
14 35 358
39 90 542
68 11 642
24 36 559
70 88 937
16 54 866
88 69 335
61 8 286
91 49 439
50 34 730
9 95 623
2 7 896
7 14 420
83 26 512
100 36 124
13 47 974
90 65 67
95 67 892
64 72 979
37 32 13
52 50 21
12 85 731
28 41 62
5 39 63
23 74 370
10 70 412
8 2 162
17 54 217
64 63 265
29 72 938
18 52 949
21 18 613
62 53 82
93 25 337
61 66 269
39 63 926
25 82 956
38 68 628
70 31 383
80 36 57
68 5 161
40 70 104
40 42 897
58 74 495
16 47 994
90 75 385
42 55 678
38 44 918
15 52 682
100 16 234
33 54 210
85 39 398
54 10 50
28 92 965
59 45 522
53 58 76
75 47 1000
46 38 14
80 88 416
85 21 28
3 7 947
51 18 730
48 34 207
17 46 627
30 43 979
4 13 346
51 7 700
87 36 992
59 96 829
6 11 689
57 78 101
31 7 142
39 74 224
76 35 895
52 41 43
98 31 116
65 97 419
49 33 945
81 14 228
30 5 187
69 63 52
84 35 921
33 93 618
91 22 70
47 20 514
91 21 115
50 54 457
69 81 4
87 19 817
62 7 518
45 91 799
61 54 843
17 14 789
4 1 172
7 49 489
98 99 279
6 54 753
1 22 745
25 69 683
84 22 970
6 19 91
40 1 404
13 19 632
40 35 637
23 38 904
98 39 414
60 70 820
9 5 527
65 42 419
91 74 507
54 8 6
13 42 847
5 46 226
56 7 236
84 62 89
64 57 883
42 36 390
14 68 903
9 96 926
46 21 730
93 73 106
41 64 858
6 5 994
53 19 419
37 90 759
53 36 241
91 29 256
1 81 68
35 25 862
79 91 415
40 82 747
82 17 342
22 35 259
42 59 719
49 41 368
52 5 172
2 23 395
85 38 392
40 37 665
95 63 293
71 69 913
24 14 218
82 14 897
18 94 660
83 52 148
49 19 10
60 84 128
80 72 297
45 55 148
42 47 958
76 47 330
25 54 945
68 81 121
64 80 216
17 25 380
42 32 623
81 53 63
80 35 929
94 12 108
7 73 320
87 97 367
45 42 608
61 62 875
52 96 28
25 8 84
77 78 9
51 10 142
26 75 516
11 42 87
21 30 818
74 2 591
72 19 665
40 22 470
16 43 629
64 53 449
38 56 639
50 49 500
96 85 78
28 61 459
49 73 540
26 90 195
58 50 167
12 56 295
28 25 893
60 31 943
92 4 754
55 95 975
20 35 176
29 23 744
94 37 162
11 49 613
60 42 9
18 38 742
76 25 478
6 84 380
95 44 113
37 13 22
91 34 546
83 44 939
81 29 701
87 30 626
29 30 592
92 5 561
3 63 346
44 96 652
92 90 666
56 24 413
48 26 431
42 72 217
81 76 352
89 11 554
67 8 763
72 81 349
40 69 291
81 34 859
94 19 562
1 65 881
54 65 737
97 63 634
94 26 387
68 87 758
9 91 128
89 80 196
9 18 661
63 23 989
7 63 853
4 5 108
45 14 228
7 48 791
12 74 300
59 10 176
38 49 819
10 64 613
61 16 152
69 93 120
12 58 381
16 90 216
19 80 236
71 2 729
74 98 119
72 67 469
60 15 600
22 82 197
51 70 742
95 83 326
94 55 510
3 18 584
87 18 661
4 20 410
84 64 478
24 1 77
22 31 55
68 88 2
57 32 635
77 25 853
58 43 281
72 40 963
30 68 656
62 92 83
83 53 782
36 35 243
17 58 631
22 5 584
90 19 229
6 2 336
29 38 91
57 31 20
81 19 752
64 24 335
39 91 430
93 97 125
59 74 948
67 77 464
20 91 824
70 99 300
8 60 679
2 85 448
13 25 926
91 26 492
85 6 609
98 63 962
65 75 954
14 15 300
94 61 948
74 80 943
30 22 402
28 6 722
9 22 602
25 67 976
10 4 803
50 56 65
19 67 561
92 16 241
19 15 222
68 59 262
70 76 658
62 55 69
80 86 652
58 87 767
72 70 920
76 1 954
45 38 888
39 23 387
77 7 586
19 65 793
47 1 781
74 100 466
81 23 527
51 58 852
44 25 564
63 46 538
31 73 488
91 86 334
37 65 770
74 28 754
68 90 744
16 20 309
3 100 339
83 62 552
98 70 527
67 2 872
53 60 426
47 78 638
13 67 454
19 61 494
38 77 89
96 11 764
53 87 27
99 20 262
32 44 394
73 88 801
50 19 6
31 54 954
28 67 33
15 37 941
63 83 395
97 17 996
40 24 383
67 76 711
48 77 598
82 21 49
45 47 945
7 66 237
25 61 696
10 48 972
94 2 708
72 34 315
38 82 318
56 26 430
65 91 66
98 47 332
51 85 803
91 8 85
52 4 767
3 89 387
78 26 516
67 78 296
48 84 679
55 99 115
14 19 109
78 59 519
63 89 594
32 99 300
18 28 803
8 38 248
86 85 24
2 99 982
95 81 249
67 69 567
57 7 313
13 40 760
73 63 758
54 82 773
25 21 515
5 1 5
73 39 605
83 45 38
14 36 534
32 12 920
97 31 647
60 74 255
63 92 290
77 73 306
10 79 145
100 72 352
100 5 774
5 62 926
52 54 637
16 13 73
49 80 370
43 48 718
3 17 38
34 17 959
16 72 201
10 61 19
81 80 464
50 36 946
69 16 979
35 73 107
85 22 406
56 83 299
21 35 950
57 49 13
69 66 336
22 42 772
4 98 162
98 38 125
89 19 998
88 98 897
50 82 629
11 37 642
93 84 994
40 99 508
5 3 914
21 64 650
75 56 420
88 9 404
44 79 230
41 22 154
42 53 290
28 80 161
40 93 85
53 68 285
23 53 270
17 72 483
67 50 122
50 33 111
2 18 469
86 73 128
69 73 485
63 76 64
66 68 679
22 63 326
6 73 946
57 42 408
93 6 993
2 57 651
50 1 790
89 100 470
93 7 69
88 5 326
7 70 20
14 12 8
93 8 526
51 73 305
2 45 325
18 59 577
55 70 211
46 100 465
56 8 434
58 63 773
99 9 375
47 71 508
10 86 888
72 2 388
82 6 441
76 64 781
77 58 345
48 89 583
88 59 81
45 19 224
81 87 754
98 22 969
60 95 196
74 21 375
44 48 392
50 72 997
6 69 423
71 36 554
99 93 528
86 68 461
22 61 84
82 27 953
50 6 976
21 50 817
11 12 868
72 58 610
75 17 295
63 40 73
38 19 818
45 73 349
87 62 402
92 40 535
73 87 76
68 45 120
94 40 653
80 99 991
63 53 951
27 22 959
94 27 544
21 26 640
70 89 178
10 65 406
46 47 256
23 83 552
79 39 691
5 80 446
77 15 734
25 59 934
57 20 81
18 88 350
46 1 598
78 80 626
70 52 205
28 50 321
78 63 126
4 43 549
28 8 508
22 33 219
34 56 460
74 52 195
79 50 856
76 26 975
62 4 463
5 58 605
68 58 112
29 100 980
99 92 818
25 9 466
81 57 185
69 56 163
9 40 664
86 14 231
97 41 371
38 6 318
56 86 848
55 10 885
27 50 466
89 26 226
5 87 565
16 37 716
71