1 79
2 94
3 78
4 63
5 84
6 100
7 86
8 86
9 92
10 114
11 85
12 61
13 73
14 69
15 84
16 105
17 66
18 77
19 79
20 85
21 53
22 79
23 79
24 77
25 80
26 100
27 100
28 80
29 87
30 96
31 103
32 64
33 54
34 84
35 63
36 78
37 51
38 76
39 77
40 147
41 103
42 76
43 75
44 83
45 102
46 66
47 151
48 107
49 89
50 73
51 67
52 60
53 72
54 92
55 90
56 71
57 83
58 106
59 85
60 85
61 105
62 62
63 76
64 101
65 77
66 90
67 59
68 71
69 92
70 66
71 0
72 31
73 61
74 102
75 57
76 97
77 82
78 91
79 65
80 77
81 88
82 89
83 66
84 72
85 81
86 105
87 98
88 73
89 131
90 80
91 111
92 57
93 69
94 56
95 76
96 75
97 106
98 97
99 41
100 64
